        71:250  64:250  71:750  64:750  78:5250 66:5250 71:500  66:4750 73:4750 66:250  
78      2       1       1       1       1       1       1       1       1       1       
71      3       1       0       0       0       0       0       0       0       12      
64      0       0       0       0       0       0       0       0       0       0       
59      12      0       0       0       0       0       0       0       0       25      
54      3       2       0       0       0       0       0       0       0       32      
66      14      2       0       0       0       0       5       0       0       57      
70      0       0       0       0       0       0       5       0       0       5       
83      1       1       0       0       0       0       0       0       0       0       
85      0       0       0       0       0       0       0       0       0       0       
82      0       0       0       0       0       0       0       0       0       1       
42      0       0       0       0       0       0       0       0       0       0       
52      11      0       0       0       0       0       0       0       0       32      
63      0       0       0       0       0       0       0       0       0       15      
73      3       0       0       0       1       1       0       1       1       4       
75      0       0       0       0       0       0       0       0       0       8       
61      4       0       0       0       0       0       0       0       0       6       
56      1       0       0       0       0       0       0       0       0       0       
76      0       0       0       0       0       0       0       0       0       0       
46      0       0       0       0       0       0       0       0       0       0       
58      0       0       0       0       0       0       0       0       0       1       
47      0       0       0       0       0       0       0       0       0       0       
40      0       0       0       0       0       0       0       0       0       0       
49      0       0       0       0       0       0       0       0       0       0       
39      0       0       0       0       0       0       0       0       0       0       
51      0       0       0       0       0       0       0       0       0       0       
35      0       0       0       0       0       0       0       0       0       0       
57      0       0       0       0       0       0       0       0       0       0       
45      0       0       0       0       0       0       0       0       0       0       
43      0       0       0       0       0       0       0       0       0       0       

